1781190495351 0.13945 0
1781190497879 0.20024 1
1781190500315 0.31166 2
1781190502731 0.35444 3
1781190505128 0.39481 4
1781190507527 0.42509 5
1781190509908 0.45095 6
1781190512299 0.46061 7
1781190514660 0.4557 8
1781190517050 0.4623 9
1781190519432 0.4904 10
1781190521797 0.49436 11
1781190524163 0.48479 12
1781190526539 0.49465 13
1781190528908 0.5069 14
1781190531277 0.50698 15
1781190533631 0.50144 16
1781190535994 0.524 17
1781190538351 0.53163 18
1781190540712 0.52146 19
1781190543064 0.52802 20
1781190545438 0.5299 21
1781190547798 0.52652 22
1781190550174 0.52753 23
1781190552531 0.51486 24
1781190554966 0.52546 25
1781190557405 0.53574 26
1781190559848 0.51744 27
1781190562263 0.53191 28
1781190564666 0.52939 29
1781190566963 0.52551 30
1781190569363 0.52902 31
1781190571775 0.5218 32
1781190574256 0.53437 33
1781190576650 0.54598 34
1781190579080 0.54169 35
1781190581513 0.55443 36
1781190583931 0.54687 37
1781190586360 0.55175 38
1781190588813 0.54804 39
1781190591208 0.54475 40
1781190593662 0.54709 41
1781190596122 0.53447 42
1781190598631 0.5374 43
1781190601158 0.54564 44
1781190603532 0.55365 45
1781190605781 0.5495 46
1781190608139 0.55062 47
1781190610481 0.53584 48
1781190612912 0.56129 49
1781190615323 0.55943 50
1781190617682 0.55352 51
1781190620039 0.55581 52
1781190622520 0.55249 53
1781190624958 0.55131 54
1781190627361 0.5621 55
1781190629770 0.55553 56
1781190632192 0.55613 57
1781190634643 0.55526 58
1781190637061 0.5643 59
1781190639503 0.56631 60
1781190641925 0.56983 61
1781190644437 0.57034 62
1781190646913 0.56098 63
1781190649314 0.56159 64
1781190651709 0.56906 65
1781190654089 0.56426 66
1781190656450 0.56611 67
1781190658831 0.56728 68
1781190661220 0.56388 69
1781190663567 0.56484 70
1781190665915 0.57411 71
1781190668311 0.57671 72
1781190670696 0.56783 73
1781190673068 0.5763 74
1781190675460 0.56922 75
1781190677834 0.57207 76
1781190680213 0.5712 77
1781190682602 0.5736 78
1781190684999 0.56434 79
1781190687419 0.5719 80
1781190689812 0.57204 81
1781190692214 0.58027 82
1781190694608 0.57102 83
1781190696990 0.58207 84
1781190699379 0.57545 85
1781190701765 0.57615 86
1781190704148 0.56821 87
1781190706544 0.58484 88
1781190708919 0.57884 89
1781190711307 0.57096 90
1781190713702 0.5736 91
1781190716076 0.5737 92
1781190718467 0.58253 93
1781190720863 0.57822 94
1781190723263 0.58972 95
1781190725638 0.583 96
1781190728028 0.58233 97
1781190730414 0.58361 98
1781190732759 0.58148 99
1781190735162 0.57828 100
1781190737521 0.58924 101
1781190739903 0.58102 102
1781190742310 0.58112 103
1781190744700 0.58495 104
1781190747093 0.59095 105
1781190749465 0.58611 106
1781190751859 0.5844 107
1781190754215 0.57811 108
1781190756566 0.57929 109
1781190758931 0.58779 110
1781190761321 0.57538 111
1781190763715 0.58449 112
1781190766086 0.58851 113
1781190768469 0.57974 114
1781190770848 0.58292 115
1781190773246 0.57997 116
1781190775643 0.58676 117
1781190777967 0.58852 118
1781190780345 0.5901 119
1781190782732 0.58927 120
1781190785143 0.5884 121
1781190787511 0.59118 122
1781190789891 0.58417 123
1781190792314 0.58485 124
1781190794724 0.58553 125
1781190797132 0.58331 126
1781190799533 0.58026 127
1781190801930 0.59239 128
1781190804311 0.59389 129
1781190806688 0.58559 130
1781190809086 0.58322 131
1781190811450 0.58046 132
1781190813856 0.57561 133
1781190816229 0.58768 134
1781190818625 0.58682 135
1781190821007 0.58624 136
1781190823404 0.58781 137
1781190825795 0.58381 138
1781190828201 0.58495 139
1781190830597 0.58993 140
1781190832983 0.5887 141
1781190835375 0.59198 142
1781190837771 0.58842 143
1781190840178 0.58787 144
1781190842535 0.58461 145
1781190844920 0.59139 146
1781190847306 0.58603 147
1781190849729 0.58431 148
1781190852118 0.58936 149
1781190854204 0.5922490643971323 149
