1781190495351 0.23131 0
1781190497879 0.37161 1
1781190500315 0.54668 2
1781190502731 0.612 3
1781190505128 0.6681 4
1781190507527 0.71988 5
1781190509908 0.7402 6
1781190512299 0.76129 7
1781190514660 0.75812 8
1781190517050 0.76014 9
1781190519432 0.78256 10
1781190521797 0.79484 11
1781190524163 0.78544 12
1781190526539 0.80145 13
1781190528908 0.82113 14
1781190531277 0.81842 15
1781190533631 0.80177 16
1781190535994 0.83564 17
1781190538351 0.84017 18
1781190540712 0.83265 19
1781190543064 0.84115 20
1781190545438 0.84612 21
1781190547798 0.84728 22
1781190550174 0.84297 23
1781190552531 0.81918 24
1781190554966 0.82826 25
1781190557405 0.83564 26
1781190559848 0.82267 27
1781190562263 0.82513 28
1781190564666 0.83456 29
1781190566963 0.82837 30
1781190569363 0.83509 31
1781190571775 0.82677 32
1781190574256 0.8516 33
1781190576650 0.85388 34
1781190579080 0.84323 35
1781190581513 0.85558 36
1781190583931 0.84849 37
1781190586360 0.85818 38
1781190588813 0.85665 39
1781190591208 0.85382 40
1781190593662 0.84523 41
1781190596122 0.84066 42
1781190598631 0.8584 43
1781190601158 0.85277 44
1781190603532 0.85208 45
1781190605781 0.85983 46
1781190608139 0.85137 47
1781190610481 0.84035 48
1781190612912 0.86916 49
1781190615323 0.87203 50
1781190617682 0.86357 51
1781190620039 0.8571 52
1781190622520 0.85861 53
1781190624958 0.86018 54
1781190627361 0.85786 55
1781190629770 0.86296 56
1781190632192 0.86314 57
1781190634643 0.85712 58
1781190637061 0.8626 59
1781190639503 0.86352 60
1781190641925 0.86717 61
1781190644437 0.87615 62
1781190646913 0.86497 63
1781190649314 0.86452 64
1781190651709 0.86895 65
1781190654089 0.86909 66
1781190656450 0.86947 67
1781190658831 0.87114 68
1781190661220 0.85504 69
1781190663567 0.86135 70
1781190665915 0.87364 71
1781190668311 0.87598 72
1781190670696 0.86218 73
1781190673068 0.88613 74
1781190675460 0.87533 75
1781190677834 0.87833 76
1781190680213 0.8727 77
1781190682602 0.86986 78
1781190684999 0.86159 79
1781190687419 0.87733 80
1781190689812 0.87422 81
1781190692214 0.88328 82
1781190694608 0.88459 83
1781190696990 0.87908 84
1781190699379 0.87187 85
1781190701765 0.87946 86
1781190704148 0.86521 87
1781190706544 0.89179 88
1781190708919 0.87513 89
1781190711307 0.86782 90
1781190713702 0.87069 91
1781190716076 0.87523 92
1781190718467 0.88365 93
1781190720863 0.87817 94
1781190723263 0.88412 95
1781190725638 0.87706 96
1781190728028 0.87773 97
1781190730414 0.88314 98
1781190732759 0.87274 99
1781190735162 0.8775 100
1781190737521 0.88961 101
1781190739903 0.874 102
1781190742310 0.882 103
1781190744700 0.87948 104
1781190747093 0.88221 105
1781190749465 0.88384 106
1781190751859 0.88078 107
1781190754215 0.87186 108
1781190756566 0.87201 109
1781190758931 0.87292 110
1781190761321 0.87142 111
1781190763715 0.8687 112
1781190766086 0.87889 113
1781190768469 0.88126 114
1781190770848 0.88316 115
1781190773246 0.88271 116
1781190775643 0.88347 117
1781190777967 0.89051 118
1781190780345 0.88638 119
1781190782732 0.89107 120
1781190785143 0.88425 121
1781190787511 0.88855 122
1781190789891 0.88871 123
1781190792314 0.89326 124
1781190794724 0.88989 125
1781190797132 0.88123 126
1781190799533 0.87478 127
1781190801930 0.8948 128
1781190804311 0.89092 129
1781190806688 0.88605 130
1781190809086 0.88199 131
1781190811450 0.88396 132
1781190813856 0.86369 133
1781190816229 0.88259 134
1781190818625 0.88063 135
1781190821007 0.87228 136
1781190823404 0.8813 137
1781190825795 0.87797 138
1781190828201 0.86722 139
1781190830597 0.88264 140
1781190832983 0.87802 141
1781190835375 0.87207 142
1781190837771 0.87527 143
1781190840178 0.87576 144
1781190842535 0.8711 145
1781190844920 0.87928 146
1781190847306 0.87887 147
1781190849729 0.88015 148
1781190852118 0.87282 149
1781190854204 0.8908863013599474 149
