1781190495351 0.02918 0
1781190497879 0.45338 1
1781190500315 0.5713 2
1781190502731 0.62234 3
1781190505128 0.66075 4
1781190507527 0.70727 5
1781190509908 0.75649 6
1781190512299 0.83092 7
1781190514660 0.80425 8
1781190517050 0.77964 9
1781190519432 0.74485 10
1781190521797 0.81768 11
1781190524163 0.79006 12
1781190526539 0.79391 13
1781190528908 0.80635 14
1781190531277 0.79179 15
1781190533631 0.85496 16
1781190535994 0.77577 17
1781190538351 0.83 18
1781190540712 0.82772 19
1781190543064 0.87301 20
1781190545438 0.85329 21
1781190547798 0.88063 22
1781190550174 0.83653 23
1781190552531 0.84063 24
1781190554966 0.83775 25
1781190557405 0.86795 26
1781190559848 0.84832 27
1781190562263 0.84695 28
1781190564666 0.83382 29
1781190566963 0.86466 30
1781190569363 0.842 31
1781190571775 0.8317 32
1781190574256 0.85882 33
1781190576650 0.86383 34
1781190579080 0.87539 35
1781190581513 0.84046 36
1781190583931 0.84035 37
1781190586360 0.8509 38
1781190588813 0.85198 39
1781190591208 0.8445 40
1781190593662 0.84206 41
1781190596122 0.83284 42
1781190598631 0.85626 43
1781190601158 0.83129 44
1781190603532 0.79207 45
1781190605781 0.81694 46
1781190608139 0.8495 47
1781190610481 0.79878 48
1781190612912 0.87429 49
1781190615323 0.85742 50
1781190617682 0.84242 51
1781190620039 0.86382 52
1781190622520 0.81671 53
1781190624958 0.84163 54
1781190627361 0.85364 55
1781190629770 0.88661 56
1781190632192 0.8716 57
1781190634643 0.87664 58
1781190637061 0.83417 59
1781190639503 0.84343 60
1781190641925 0.85379 61
1781190644437 0.86291 62
1781190646913 0.85597 63
1781190649314 0.85133 64
1781190651709 0.84951 65
1781190654089 0.87588 66
1781190656450 0.85682 67
1781190658831 0.86229 68
1781190661220 0.86213 69
1781190663567 0.87942 70
1781190665915 0.87098 71
1781190668311 0.89658 72
1781190670696 0.87204 73
1781190673068 0.87671 74
1781190675460 0.85716 75
1781190677834 0.85822 76
1781190680213 0.89057 77
1781190682602 0.86504 78
1781190684999 0.87946 79
1781190687419 0.87354 80
1781190689812 0.86646 81
1781190692214 0.88268 82
1781190694608 0.87219 83
1781190696990 0.86306 84
1781190699379 0.85896 85
1781190701765 0.89707 86
1781190704148 0.86126 87
1781190706544 0.88771 88
1781190708919 0.86508 89
1781190711307 0.85032 90
1781190713702 0.83335 91
1781190716076 0.84677 92
1781190718467 0.84925 93
1781190720863 0.8688 94
1781190723263 0.89311 95
1781190725638 0.86002 96
1781190728028 0.87294 97
1781190730414 0.87888 98
1781190732759 0.85982 99
1781190735162 0.86785 100
1781190737521 0.90655 101
1781190739903 0.87048 102
1781190742310 0.87186 103
1781190744700 0.89157 104
1781190747093 0.8873 105
1781190749465 0.89024 106
1781190751859 0.84744 107
1781190754215 0.84078 108
1781190756566 0.84327 109
1781190758931 0.8661 110
1781190761321 0.92176 111
1781190763715 0.87835 112
1781190766086 0.87758 113
1781190768469 0.87301 114
1781190770848 0.89516 115
1781190773246 0.85254 116
1781190775643 0.9027 117
1781190777967 0.87827 118
1781190780345 0.88325 119
1781190782732 0.86413 120
1781190785143 0.87241 121
1781190787511 0.85763 122
1781190789891 0.89001 123
1781190792314 0.90393 124
1781190794724 0.86965 125
1781190797132 0.8828 126
1781190799533 0.84879 127
1781190801930 0.86977 128
1781190804311 0.86743 129
1781190806688 0.87307 130
1781190809086 0.86928 131
1781190811450 0.84825 132
1781190813856 0.87278 133
1781190816229 0.88012 134
1781190818625 0.85895 135
1781190821007 0.86847 136
1781190823404 0.88443 137
1781190825795 0.88873 138
1781190828201 0.88913 139
1781190830597 0.88097 140
1781190832983 0.86668 141
1781190835375 0.89255 142
1781190837771 0.88926 143
1781190840178 0.86966 144
1781190842535 0.85346 145
1781190844920 0.89976 146
1781190847306 0.8626 147
1781190849729 0.8667 148
1781190852118 0.8657 149
1781190854204 0.8670851059138182 149
