1781190495351 0.8221 0
1781190497879 0.37665 1
1781190500315 0.56099 2
1781190502731 0.60231 3
1781190505128 0.63623 4
1781190507527 0.66057 5
1781190509908 0.6464 6
1781190512299 0.62685 7
1781190514660 0.64701 8
1781190517050 0.68736 9
1781190519432 0.71334 10
1781190521797 0.72036 11
1781190524163 0.70761 12
1781190526539 0.71411 13
1781190528908 0.73598 14
1781190531277 0.72721 15
1781190533631 0.70144 16
1781190535994 0.77197 17
1781190538351 0.77456 18
1781190540712 0.75408 19
1781190543064 0.72502 20
1781190545438 0.75804 21
1781190547798 0.74002 22
1781190550174 0.7483 23
1781190552531 0.72199 24
1781190554966 0.74664 25
1781190557405 0.73595 26
1781190559848 0.7253 27
1781190562263 0.74172 28
1781190564666 0.74865 29
1781190566963 0.73836 30
1781190569363 0.77534 31
1781190571775 0.7392 32
1781190574256 0.77977 33
1781190576650 0.79342 34
1781190579080 0.75913 35
1781190581513 0.79484 36
1781190583931 0.75843 37
1781190586360 0.78086 38
1781190588813 0.77602 39
1781190591208 0.80598 40
1781190593662 0.79052 41
1781190596122 0.76666 42
1781190598631 0.78581 43
1781190601158 0.78633 44
1781190603532 0.78647 45
1781190605781 0.78996 46
1781190608139 0.78688 47
1781190610481 0.76987 48
1781190612912 0.79197 49
1781190615323 0.79057 50
1781190617682 0.79203 51
1781190620039 0.78561 52
1781190622520 0.81513 53
1781190624958 0.79949 54
1781190627361 0.79264 55
1781190629770 0.78078 56
1781190632192 0.77619 57
1781190634643 0.7641 58
1781190637061 0.81998 59
1781190639503 0.80629 60
1781190641925 0.81367 61
1781190644437 0.81965 62
1781190646913 0.80605 63
1781190649314 0.79593 64
1781190651709 0.80648 65
1781190654089 0.7931 66
1781190656450 0.79867 67
1781190658831 0.81108 68
1781190661220 0.80269 69
1781190663567 0.76923 70
1781190665915 0.80395 71
1781190668311 0.78294 72
1781190670696 0.78343 73
1781190673068 0.8118 74
1781190675460 0.82532 75
1781190677834 0.8208 76
1781190680213 0.77786 77
1781190682602 0.80959 78
1781190684999 0.77258 79
1781190687419 0.80147 80
1781190689812 0.78919 81
1781190692214 0.80278 82
1781190694608 0.79884 83
1781190696990 0.82161 84
1781190699379 0.8154 85
1781190701765 0.79791 86
1781190704148 0.79453 87
1781190706544 0.83027 88
1781190708919 0.81442 89
1781190711307 0.78858 90
1781190713702 0.8162 91
1781190716076 0.81081 92
1781190718467 0.83565 93
1781190720863 0.82053 94
1781190723263 0.81321 95
1781190725638 0.81357 96
1781190728028 0.80777 97
1781190730414 0.82318 98
1781190732759 0.8239 99
1781190735162 0.83188 100
1781190737521 0.82006 101
1781190739903 0.7999 102
1781190742310 0.82567 103
1781190744700 0.81676 104
1781190747093 0.80275 105
1781190749465 0.80886 106
1781190751859 0.82887 107
1781190754215 0.81767 108
1781190756566 0.8108 109
1781190758931 0.80017 110
1781190761321 0.74101 111
1781190763715 0.78918 112
1781190766086 0.77849 113
1781190768469 0.81348 114
1781190770848 0.78533 115
1781190773246 0.82719 116
1781190775643 0.78757 117
1781190777967 0.81972 118
1781190780345 0.8106 119
1781190782732 0.81953 120
1781190785143 0.82757 121
1781190787511 0.83488 122
1781190789891 0.81024 123
1781190792314 0.80577 124
1781190794724 0.84137 125
1781190797132 0.82131 126
1781190799533 0.83803 127
1781190801930 0.84073 128
1781190804311 0.8362 129
1781190806688 0.8241 130
1781190809086 0.82165 131
1781190811450 0.8308 132
1781190813856 0.7983 133
1781190816229 0.81699 134
1781190818625 0.83572 135
1781190821007 0.80917 136
1781190823404 0.79886 137
1781190825795 0.81689 138
1781190828201 0.79205 139
1781190830597 0.79483 140
1781190832983 0.80141 141
1781190835375 0.79583 142
1781190837771 0.79219 143
1781190840178 0.82041 144
1781190842535 0.80152 145
1781190844920 0.7911 146
1781190847306 0.80993 147
1781190849729 0.80587 148
1781190852118 0.80852 149
1781190854204 0.8360004368503772 149
