1781190492274 0.00021788666666666668 0
1781190497463 0.00043876727399999994 1
1781190499903 0.0006581804813333333 2
1781190502326 0.0006603967 3
1781190504717 0.0006581956 4
1781190507128 0.0006559944999999999 5
1781190509516 0.0006537933999999999 6
1781190511913 0.0006515923 7
1781190514284 0.0006493912 8
1781190516668 0.0006471900999999999 9
1781190519053 0.0006449889999999999 10
1781190521426 0.0006427879 11
1781190523796 0.0006405867999999999 12
1781190526167 0.0006383856999999999 13
1781190528534 0.0006361845999999999 14
1781190530913 0.0006339834999999999 15
1781190533273 0.0006317824 16
1781190535629 0.0006295813 17
1781190537982 0.0006273801999999999 18
1781190540349 0.0006251790999999999 19
1781190542699 0.0006229779999999999 20
1781190545078 0.0006207769 21
1781190547432 0.0006185758 22
1781190549814 0.0006163747 23
1781190552171 0.0006141736 24
1781190554599 0.0006119725 25
1781190557012 0.0006097714 26
1781190559482 0.0006075703 27
1781190561902 0.0006053691999999999 28
1781190564319 0.0006031681 29
1781190566616 0.000600967 30
1781190568997 0.0005987659 31
1781190571405 0.0005965647999999999 32
1781190573880 0.0005943637 33
1781190576277 0.0005921626 34
1781190578710 0.0005899614999999999 35
1781190581141 0.0005877603999999999 36
1781190583569 0.0005855592999999999 37
1781190585965 0.0005833581999999999 38
1781190588445 0.0005811570999999999 39
1781190590839 0.0005789559999999999 40
1781190593285 0.0005767548999999999 41
1781190595741 0.0005745538 42
1781190598249 0.0005723527 43
1781190600767 0.0005701515999999998 44
1781190603185 0.0005679505 45
1781190605437 0.0005657494 46
1781190607791 0.0005635483 47
1781190610128 0.0005613472 48
1781190612538 0.0005591461 49
1781190614936 0.000556945 50
1781190617320 0.0005547439 51
1781190619688 0.0005525428 52
1781190622141 0.0005503417 53
1781190624564 0.0005481406 54
1781190627009 0.0005459395 55
1781190629418 0.0005437384 56
1781190631836 0.0005415373 57
1781190634281 0.0005393361999999999 58
1781190636681 0.0005371350999999999 59
1781190639149 0.000534934 60
1781190641568 0.0005327328999999999 61
1781190644040 0.0005305317999999999 62
1781190646553 0.0005283306999999999 63
1781190648954 0.0005261296 64
1781190651348 0.0005239285 65
1781190653736 0.0005217274 66
1781190656093 0.0005195262999999999 67
1781190658470 0.0005173252 68
1781190660861 0.0005151241 69
1781190663209 0.0005129229999999999 70
1781190665553 0.0005107218999999999 71
1781190667947 0.0005085208 72
1781190670339 0.0005063196999999999 73
1781190672703 0.0005041185999999999 74
1781190675100 0.0005019174999999999 75
1781190677474 0.0004997163999999999 76
1781190679854 0.0004975153 77
1781190682244 0.0004953142 78
1781190684635 0.0004931131 79
1781190687042 0.000490912 80
1781190689451 0.0004887108999999999 81
1781190691851 0.0004865098 82
1781190694244 0.0004843087 83
1781190696633 0.00048210759999999994 84
1781190699020 0.0004799065 85
1781190701406 0.0004777054 86
1781190703789 0.00047550429999999996 87
1781190706182 0.00047330319999999996 88
1781190708559 0.00047110209999999997 89
1781190710945 0.0004689009999999999 90
1781190713343 0.0004666999 91
1781190715714 0.0004644988 92
1781190718106 0.00046229769999999994 93
1781190720501 0.00046009659999999994 94
1781190722901 0.00045789549999999995 95
1781190725282 0.0004556943999999999 96
1781190727665 0.0004534933 97
1781190730056 0.00045129219999999996 98
1781190732400 0.0004490910999999999 99
1781190734801 0.00044688999999999997 100
1781190737163 0.0004446888999999999 101
1781190739543 0.0004424877999999999 102
1781190741948 0.0004402867 103
1781190744341 0.00043808559999999994 104
1781190746729 0.00043588449999999994 105
1781190749107 0.00043368340000000006 106
1781190751501 0.0004314823 107
1781190753858 0.0004292812 108
1781190756205 0.0004270801 109
1781190758573 0.00042487899999999997 110
1781190760962 0.0004226779 111
1781190763354 0.00042047680000000003 112
1781190765723 0.0004182757 113
1781190768110 0.0004160746 114
1781190770490 0.0004138735 115
1781190772882 0.00041167239999999994 116
1781190775286 0.00040947129999999995 117
1781190777609 0.0004072702 118
1781190779992 0.00040506909999999996 119
1781190782371 0.00040286799999999997 120
1781190784779 0.00040066689999999997 121
1781190787150 0.0003984657999999999 122
1781190789531 0.00039626470000000003 123
1781190791951 0.0003940636 124
1781190794363 0.00039186249999999994 125
1781190796768 0.0003896614 126
1781190799174 0.00038746029999999995 127
1781190801568 0.0003852591999999999 128
1781190803951 0.0003830581 129
1781190806327 0.00038085699999999996 130
1781190808728 0.00037865589999999997 131
1781190811094 0.00037645479999999997 132
1781190813496 0.0003742536999999999 133
1781190815865 0.00037205259999999993 134
1781190818273 0.0003698515 135
1781190820647 0.0003676504 136
1781190823045 0.0003654493 137
1781190825436 0.0003632482 138
1781190827839 0.00036104709999999995 139
1781190830237 0.000358846 140
1781190832626 0.0003566449 141
1781190835013 0.00035444379999999997 142
1781190837415 0.0003522427 143
1781190839816 0.0003500416 144
1781190842179 0.00034784049999999993 145
1781190844562 0.0003456394 146
1781190846948 0.0003434383 147
1781190849367 0.00034123719999999995 148
1781190851760 0.0003390361 149
