1781190492274 1.58551 0
1781190497463 1.48101 1
1781190499903 1.424 2
1781190502326 1.40484 3
1781190504717 1.38878 4
1781190507128 1.3479 5
1781190509516 1.33379 6
1781190511913 1.3026 7
1781190514284 1.28952 8
1781190516668 1.2792 9
1781190519053 1.25128 10
1781190521426 1.24676 11
1781190523796 1.23659 12
1781190526167 1.22578 13
1781190528534 1.22894 14
1781190530913 1.19658 15
1781190533273 1.18523 16
1781190535629 1.1966 17
1781190537982 1.18699 18
1781190540349 1.1578 19
1781190542699 1.16608 20
1781190545078 1.15498 21
1781190547432 1.14681 22
1781190549814 1.15054 23
1781190552171 1.15531 24
1781190554599 1.12152 25
1781190557012 1.13124 26
1781190559482 1.12427 27
1781190561902 1.11649 28
1781190564319 1.10531 29
1781190566616 1.10098 30
1781190568997 1.09493 31
1781190571405 1.11778 32
1781190573880 1.09185 33
1781190576277 1.07297 34
1781190578710 1.09309 35
1781190581141 1.08242 36
1781190583569 1.05023 37
1781190585965 1.06666 38
1781190588445 1.05548 39
1781190590839 1.0619 40
1781190593285 1.05133 41
1781190595741 1.08804 42
1781190598249 1.03455 43
1781190600767 1.03992 44
1781190603185 1.02724 45
1781190605437 1.02712 46
1781190607791 1.02911 47
1781190610128 1.03415 48
1781190612538 1.00569 49
1781190614936 1.00019 50
1781190617320 0.99251 51
1781190619688 1.0171 52
1781190622141 1.01006 53
1781190624564 1.01266 54
1781190627009 1.00901 55
1781190629418 1.00716 56
1781190631836 0.99388 57
1781190634281 0.99288 58
1781190636681 0.99511 59
1781190639149 0.97533 60
1781190641568 0.9769 61
1781190644040 0.98833 62
1781190646553 0.96491 63
1781190648954 0.97189 64
1781190651348 0.97706 65
1781190653736 0.96264 66
1781190656093 0.96489 67
1781190658470 0.94852 68
1781190660861 0.9566 69
1781190663209 0.96673 70
1781190665553 0.95075 71
1781190667947 0.93619 72
1781190670339 0.94058 73
1781190672703 0.94284 74
1781190675100 0.93486 75
1781190677474 0.93057 76
1781190679854 0.92514 77
1781190682244 0.93592 78
1781190684635 0.93388 79
1781190687042 0.9272 80
1781190689451 0.92039 81
1781190691851 0.91384 82
1781190694244 0.91422 83
1781190696633 0.91485 84
1781190699020 0.92637 85
1781190701406 0.89273 86
1781190703789 0.91765 87
1781190706182 0.91072 88
1781190708559 0.90423 89
1781190710945 0.90593 90
1781190713343 0.90164 91
1781190715714 0.89615 92
1781190718106 0.8847 93
1781190720501 0.87816 94
1781190722901 0.88132 95
1781190725282 0.89038 96
1781190727665 0.88447 97
1781190730056 0.88191 98
1781190732400 0.87805 99
1781190734801 0.88008 100
1781190737163 0.86096 101
1781190739543 0.89504 102
1781190741948 0.88207 103
1781190744341 0.88017 104
1781190746729 0.87132 105
1781190749107 0.87799 106
1781190751501 0.8622 107
1781190753858 0.87568 108
1781190756205 0.86818 109
1781190758573 0.86419 110
1781190760962 0.8607 111
1781190763354 0.86048 112
1781190765723 0.86316 113
1781190768110 0.84604 114
1781190770490 0.85333 115
1781190772882 0.84968 116
1781190775286 0.84498 117
1781190777609 0.83667 118
1781190779992 0.85368 119
1781190782371 0.83604 120
1781190784779 0.85247 121
1781190787150 0.84409 122
1781190789531 0.84525 123
1781190791951 0.82443 124
1781190794363 0.82561 125
1781190796768 0.85289 126
1781190799174 0.8427 127
1781190801568 0.82228 128
1781190803951 0.82496 129
1781190806327 0.82858 130
1781190808728 0.8348 131
1781190811094 0.84158 132
1781190813496 0.82602 133
1781190815865 0.82412 134
1781190818273 0.82262 135
1781190820647 0.81174 136
1781190823045 0.81121 137
1781190825436 0.82481 138
1781190827839 0.80546 139
1781190830237 0.80918 140
1781190832626 0.79899 141
1781190835013 0.81455 142
1781190837415 0.80821 143
1781190839816 0.80889 144
1781190842179 0.79431 145
1781190844562 0.79193 146
1781190846948 0.80209 147
1781190849367 0.80321 148
1781190851760 0.81414 149
