1781190492274 3.69157 0
1781190497463 2.67828 1
1781190499903 2.06768 2
1781190502326 1.83289 3
1781190504717 1.6998 4
1781190507128 1.58505 5
1781190509516 1.51705 6
1781190511913 1.43008 7
1781190514284 1.38689 8
1781190516668 1.35797 9
1781190519053 1.29589 10
1781190521426 1.28217 11
1781190523796 1.22775 12
1781190526167 1.18727 13
1781190528534 1.15108 14
1781190530913 1.1198 15
1781190533273 1.09839 16
1781190535629 1.0836 17
1781190537982 1.09131 18
1781190540349 1.0305 19
1781190542699 1.01912 20
1781190545078 0.99614 21
1781190547432 0.9792 22
1781190549814 0.98826 23
1781190552171 0.96896 24
1781190554599 0.93705 25
1781190557012 0.93226 26
1781190559482 0.92486 27
1781190561902 0.91895 28
1781190564319 0.89888 29
1781190566616 0.87742 30
1781190568997 0.87622 31
1781190571405 0.89168 32
1781190573880 0.85248 33
1781190576277 0.84121 34
1781190578710 0.83563 35
1781190581141 0.82515 36
1781190583569 0.78905 37
1781190585965 0.81093 38
1781190588445 0.78775 39
1781190590839 0.79484 40
1781190593285 0.77515 41
1781190595741 0.83666 42
1781190598249 0.77384 43
1781190600767 0.77243 44
1781190603185 0.76623 45
1781190605437 0.74719 46
1781190607791 0.7604 47
1781190610128 0.75508 48
1781190612538 0.72824 49
1781190614936 0.71672 50
1781190617320 0.71995 51
1781190619688 0.73696 52
1781190622141 0.73546 53
1781190624564 0.71054 54
1781190627009 0.72143 55
1781190629418 0.72714 56
1781190631836 0.69816 57
1781190634281 0.69049 58
1781190636681 0.68527 59
1781190639149 0.67966 60
1781190641568 0.68324 61
1781190644040 0.68648 62
1781190646553 0.6712 63
1781190648954 0.67315 64
1781190651348 0.66096 65
1781190653736 0.667 66
1781190656093 0.66238 67
1781190658470 0.6569 68
1781190660861 0.65719 69
1781190663209 0.66499 70
1781190665553 0.65227 71
1781190667947 0.63815 72
1781190670339 0.64072 73
1781190672703 0.6412 74
1781190675100 0.62849 75
1781190677474 0.62863 76
1781190679854 0.63188 77
1781190682244 0.63241 78
1781190684635 0.63138 79
1781190687042 0.61997 80
1781190689451 0.61303 81
1781190691851 0.61267 82
1781190694244 0.61386 83
1781190696633 0.61344 84
1781190699020 0.62249 85
1781190701406 0.5887 86
1781190703789 0.61269 87
1781190706182 0.60326 88
1781190708559 0.59132 89
1781190710945 0.59978 90
1781190713343 0.59267 91
1781190715714 0.60165 92
1781190718106 0.58858 93
1781190720501 0.57687 94
1781190722901 0.58717 95
1781190725282 0.59383 96
1781190727665 0.5893 97
1781190730056 0.58576 98
1781190732400 0.58488 99
1781190734801 0.57509 100
1781190737163 0.5647 101
1781190739543 0.58257 102
1781190741948 0.57644 103
1781190744341 0.58471 104
1781190746729 0.56512 105
1781190749107 0.57051 106
1781190751501 0.57014 107
1781190753858 0.57042 108
1781190756205 0.5613 109
1781190758573 0.5577 110
1781190760962 0.55165 111
1781190763354 0.54555 112
1781190765723 0.55502 113
1781190768110 0.55624 114
1781190770490 0.55732 115
1781190772882 0.54576 116
1781190775286 0.54358 117
1781190777609 0.53213 118
1781190779992 0.55241 119
1781190782371 0.5407 120
1781190784779 0.5538 121
1781190787150 0.54738 122
1781190789531 0.54591 123
1781190791951 0.53832 124
1781190794363 0.52382 125
1781190796768 0.55294 126
1781190799174 0.55081 127
1781190801568 0.53314 128
1781190803951 0.54097 129
1781190806327 0.5298 130
1781190808728 0.53485 131
1781190811094 0.54524 132
1781190813496 0.53708 133
1781190815865 0.52123 134
1781190818273 0.52699 135
1781190820647 0.52085 136
1781190823045 0.52653 137
1781190825436 0.53648 138
1781190827839 0.5163 139
1781190830237 0.51877 140
1781190832626 0.51644 141
1781190835013 0.5265 142
1781190837415 0.51369 143
1781190839816 0.51682 144
1781190842179 0.49902 145
1781190844562 0.50362 146
1781190846948 0.51246 147
1781190849367 0.51249 148
1781190851760 0.51406 149
