1781190492274 1.68491 0
1781190497463 1.54869 1
1781190499903 1.503 2
1781190502326 1.48551 3
1781190504717 1.47192 4
1781190507128 1.41614 5
1781190509516 1.4251 6
1781190511913 1.39692 7
1781190514284 1.38747 8
1781190516668 1.36761 9
1781190519053 1.35906 10
1781190521426 1.35925 11
1781190523796 1.33488 12
1781190526167 1.34093 13
1781190528534 1.32832 14
1781190530913 1.31995 15
1781190533273 1.30016 16
1781190535629 1.30698 17
1781190537982 1.30125 18
1781190540349 1.28754 19
1781190542699 1.29025 20
1781190545078 1.28357 21
1781190547432 1.26556 22
1781190549814 1.28756 23
1781190552171 1.27926 24
1781190554599 1.26179 25
1781190557012 1.26224 26
1781190559482 1.26267 27
1781190561902 1.26289 28
1781190564319 1.23776 29
1781190566616 1.24568 30
1781190568997 1.24732 31
1781190571405 1.25887 32
1781190573880 1.24198 33
1781190576277 1.22449 34
1781190578710 1.22605 35
1781190581141 1.21621 36
1781190583569 1.19934 37
1781190585965 1.23122 38
1781190588445 1.2117 39
1781190590839 1.21751 40
1781190593285 1.20798 41
1781190595741 1.24095 42
1781190598249 1.19264 43
1781190600767 1.19695 44
1781190603185 1.1926 45
1781190605437 1.19328 46
1781190607791 1.19765 47
1781190610128 1.19384 48
1781190612538 1.17116 49
1781190614936 1.17089 50
1781190617320 1.17499 51
1781190619688 1.18734 52
1781190622141 1.18783 53
1781190624564 1.17871 54
1781190627009 1.17433 55
1781190629418 1.18845 56
1781190631836 1.16886 57
1781190634281 1.16648 58
1781190636681 1.16538 59
1781190639149 1.15617 60
1781190641568 1.15478 61
1781190644040 1.16743 62
1781190646553 1.15598 63
1781190648954 1.1553 64
1781190651348 1.15961 65
1781190653736 1.15969 66
1781190656093 1.15971 67
1781190658470 1.14984 68
1781190660861 1.1484 69
1781190663209 1.15227 70
1781190665553 1.1488 71
1781190667947 1.14162 72
1781190670339 1.13751 73
1781190672703 1.14202 74
1781190675100 1.13132 75
1781190677474 1.13158 76
1781190679854 1.12356 77
1781190682244 1.13125 78
1781190684635 1.13437 79
1781190687042 1.12587 80
1781190689451 1.12756 81
1781190691851 1.12032 82
1781190694244 1.1203 83
1781190696633 1.12771 84
1781190699020 1.14085 85
1781190701406 1.10624 86
1781190703789 1.12388 87
1781190706182 1.10918 88
1781190708559 1.10606 89
1781190710945 1.12256 90
1781190713343 1.12135 91
1781190715714 1.11398 92
1781190718106 1.10823 93
1781190720501 1.10459 94
1781190722901 1.10698 95
1781190725282 1.10415 96
1781190727665 1.10505 97
1781190730056 1.10112 98
1781190732400 1.10113 99
1781190734801 1.10103 100
1781190737163 1.08805 101
1781190739543 1.10501 102
1781190741948 1.09769 103
1781190744341 1.10337 104
1781190746729 1.09567 105
1781190749107 1.09158 106
1781190751501 1.08815 107
1781190753858 1.09723 108
1781190756205 1.09694 109
1781190758573 1.09135 110
1781190760962 1.08783 111
1781190763354 1.08386 112
1781190765723 1.08925 113
1781190768110 1.07394 114
1781190770490 1.08838 115
1781190772882 1.07969 116
1781190775286 1.06802 117
1781190777609 1.0773 118
1781190779992 1.08026 119
1781190782371 1.08027 120
1781190784779 1.08396 121
1781190787150 1.08431 122
1781190789531 1.07982 123
1781190791951 1.06491 124
1781190794363 1.07381 125
1781190796768 1.08575 126
1781190799174 1.08282 127
1781190801568 1.06949 128
1781190803951 1.07958 129
1781190806327 1.07481 130
1781190808728 1.07088 131
1781190811094 1.07953 132
1781190813496 1.07463 133
1781190815865 1.07323 134
1781190818273 1.0677 135
1781190820647 1.0646 136
1781190823045 1.06158 137
1781190825436 1.07862 138
1781190827839 1.05497 139
1781190830237 1.06106 140
1781190832626 1.05503 141
1781190835013 1.06372 142
1781190837415 1.05829 143
1781190839816 1.06122 144
1781190842179 1.05345 145
1781190844562 1.05058 146
1781190846948 1.06004 147
1781190849367 1.05943 148
1781190851760 1.07434 149
